Mes,Desaprueba,Aprueba,NS/NC
2013-06,47,46,7
2013-07,54,39,7
2013-08,58,35,7
2013-09,62,32,6
2013-10,63,30,7
2013-11,60,35,5
2013-12,61,31,8
2014-01,64,31,5
2014-02,56,39,5
2014-03,71,24,5
2014-04,67,28,5
2014-05,67,28,5
2014-06,68,25,7
2014-07,70,24,6
2014-08,64,32,4
2014-09,65,30,5
2014-10,61,33,6
2014-11,62,33,5
2014-12,64,32,4
2015-01,67,28,5
2015-02,67,28,5
2015-03,67,28,5
2015-04,67,27,6
2015-05,67,28,5
2015-06,82,14,4